8.165034e-03 0.000000e+00 -2.835728e-01 -2.114491e-01 0.000000e+00
8.165442e-03 0.000000e+00 -2.835728e-01 -2.114491e-01 0.000000e+00
8.166667e-03 0.000000e+00 -2.835728e-01 -2.114491e-01 0.000000e+00
8.168708e-03 0.000000e+00 -2.835728e-01 -2.114491e-01 0.000000e+00
8.171567e-03 0.000000e+00 -2.835728e-01 -2.114491e-01 0.000000e+00
8.175242e-03 0.000000e+00 -2.835728e-01 -2.114491e-01 0.000000e+00
8.179735e-03 0.000000e+00 -2.835728e-01 -2.114491e-01 0.000000e+00
8.185046e-03 0.000000e+00 -2.835728e-01 -2.114491e-01 0.000000e+00
8.191176e-03 0.000000e+00 -2.835728e-01 -2.114491e-01 0.000000e+00
8.198125e-03 0.000000e+00 -2.835728e-01 -2.114491e-01 0.000000e+00
8.205893e-03 0.000000e+00 -2.835728e-01 -2.114491e-01 0.000000e+00
8.214482e-03 0.000000e+00 -2.835728e-01 -2.114491e-01 0.000000e+00
8.223893e-03 0.000000e+00 -2.835728e-01 -2.114491e-01 0.000000e+00
8.234126e-03 0.000000e+00 -2.835728e-01 -2.114491e-01 0.000000e+00
8.245182e-03 0.000000e+00 -2.835728e-01 -2.114491e-01 0.000000e+00
8.257063e-03 0.000000e+00 -2.835728e-01 -2.114491e-01 0.000000e+00
8.269769e-03 0.000000e+00 -2.835728e-01 -2.114491e-01 0.000000e+00
8.283303e-03 0.000000e+00 -2.835728e-01 -2.114491e-01 0.000000e+00
8.297665e-03 0.000000e+00 -2.835728e-01 -2.114491e-01 0.000000e+00
8.312857e-03 0.000000e+00 -2.835728e-01 -2.114491e-01 0.000000e+00
8.328880e-03 0.000000e+00 -2.835728e-01 -2.114491e-01 0.000000e+00
8.345735e-03 0.000000e+00 -2.835728e-01 -2.114491e-01 0.000000e+00
8.363426e-03 0.000000e+00 -2.835728e-01 -2.114491e-01 0.000000e+00
8.381953e-03 0.000000e+00 -2.835728e-01 -2.114491e-01 0.000000e+00
8.401318e-03 0.000000e+00 -2.835728e-01 -2.114491e-01 0.000000e+00
8.421523e-03 0.000000e+00 -2.835728e-01 -2.114491e-01 0.000000e+00
8.442570e-03 0.000000e+00 -2.835728e-01 -2.114491e-01 0.000000e+00
8.464462e-03 0.000000e+00 -2.835728e-01 -2.114491e-01 0.000000e+00
8.487200e-03 0.000000e+00 -2.835728e-01 -2.114491e-01 0.000000e+00
8.510787e-03 0.000000e+00 -2.835728e-01 -2.114491e-01 0.000000e+00
8.535224e-03 0.000000e+00 -2.835728e-01 -2.114491e-01 0.000000e+00
8.560516e-03 0.000000e+00 -2.835728e-01 -2.114491e-01 0.000000e+00
8.586663e-03 0.000000e+00 -2.835728e-01 -2.114491e-01 0.000000e+00
8.613669e-03 0.000000e+00 -2.835728e-01 -2.114491e-01 0.000000e+00
8.641537e-03 0.000000e+00 -2.835728e-01 -2.114491e-01 0.000000e+00
8.670268e-03 0.000000e+00 -2.835728e-01 -2.114491e-01 0.000000e+00
8.699867e-03 0.000000e+00 -2.835728e-01 -2.114491e-01 0.000000e+00
8.730336e-03 0.000000e+00 -2.835728e-01 -2.114491e-01 0.000000e+00
8.761677e-03 0.000000e+00 -2.835728e-01 -2.114491e-01 0.000000e+00
8.793895e-03 0.000000e+00 -2.835728e-01 -2.114491e-01 0.000000e+00
8.826993e-03 0.000000e+00 -2.835728e-01 -2.114491e-01 0.000000e+00
8.860972e-03 0.000000e+00 -2.835728e-01 -2.114491e-01 0.000000e+00
8.895839e-03 0.000000e+00 -2.835728e-01 -2.114491e-01 0.000000e+00
8.931594e-03 0.000000e+00 -2.835728e-01 -2.114491e-01 0.000000e+00
8.968243e-03 0.000000e+00 -2.835728e-01 -2.114491e-01 0.000000e+00
9.005789e-03 0.000000e+00 -2.835728e-01 -2.114491e-01 0.000000e+00
9.044235e-03 0.000000e+00 -2.835728e-01 -2.114491e-01 0.000000e+00
9.083586e-03 0.000000e+00 -2.835728e-01 -2.114491e-01 0.000000e+00
9.123845e-03 0.000000e+00 -2.835728e-01 -2.114491e-01 0.000000e+00
9.165016e-03 0.000000e+00 -2.835728e-01 -2.114491e-01 0.000000e+00
9.207104e-03 0.000000e+00 -2.835728e-01 -2.114491e-01 0.000000e+00
9.250113e-03 0.000000e+00 -2.835728e-01 -2.114491e-01 0.000000e+00
9.294047e-03 0.000000e+00 -2.835728e-01 -2.114491e-01 0.000000e+00
9.338910e-03 0.000000e+00 -2.835728e-01 -2.114491e-01 0.000000e+00
9.384707e-03 0.000000e+00 -2.835728e-01 -2.114491e-01 0.000000e+00
9.431442e-03 0.000000e+00 -2.835728e-01 -2.114491e-01 0.000000e+00
9.479121e-03 0.000000e+00 -2.835728e-01 -2.114491e-01 0.000000e+00
9.527747e-03 0.000000e+00 -2.835728e-01 -2.114491e-01 0.000000e+00
9.577327e-03 0.000000e+00 -2.835728e-01 -2.114491e-01 0.000000e+00
9.627864e-03 0.000000e+00 -2.835728e-01 -2.114491e-01 0.000000e+00
9.679364e-03 0.000000e+00 -2.835728e-01 -2.114491e-01 0.000000e+00
9.731831e-03 0.000000e+00 -2.835728e-01 -2.114491e-01 0.000000e+00
9.785272e-03 0.000000e+00 -2.835728e-01 -2.114491e-01 0.000000e+00
9.839692e-03 0.000000e+00 -2.835728e-01 -2.114491e-01 0.000000e+00
9.895096e-03 0.000000e+00 -2.835728e-01 -2.114491e-01 0.000000e+00
9.951489e-03 0.000000e+00 -2.835728e-01 -2.114491e-01 0.000000e+00
1.000888e-02 0.000000e+00 -2.835728e-01 -2.114491e-01 0.000000e+00
1.006727e-02 0.000000e+00 -2.835728e-01 -2.114491e-01 0.000000e+00
1.012666e-02 0.000000e+00 -2.835728e-01 -2.114491e-01 0.000000e+00
1.018707e-02 0.000000e+00 -2.835728e-01 -2.114491e-01 0.000000e+00
1.024850e-02 0.000000e+00 -2.835728e-01 -2.114491e-01 0.000000e+00
1.031095e-02 0.000000e+00 -2.835728e-01 -2.114491e-01 0.000000e+00
1.037443e-02 0.000000e+00 -2.835728e-01 -2.114491e-01 0.000000e+00
1.043895e-02 0.000000e+00 -2.835728e-01 -2.114491e-01 0.000000e+00
1.050452e-02 0.000000e+00 -2.835728e-01 -2.114491e-01 0.000000e+00
1.057113e-02 0.000000e+00 -2.835728e-01 -2.114491e-01 0.000000e+00
1.063880e-02 0.000000e+00 -2.835728e-01 -2.114491e-01 0.000000e+00
1.070754e-02 0.000000e+00 -2.835728e-01 -2.114491e-01 0.000000e+00
1.077735e-02 0.000000e+00 -2.835728e-01 -2.114491e-01 0.000000e+00
1.084823e-02 0.000000e+00 -2.835728e-01 -2.114491e-01 0.000000e+00
1.092020e-02 0.000000e+00 -2.835728e-01 -2.114491e-01 0.000000e+00
1.099326e-02 0.000000e+00 -2.835728e-01 -2.114491e-01 0.000000e+00
1.106742e-02 0.000000e+00 -2.835728e-01 -2.114491e-01 0.000000e+00
1.114269e-02 0.000000e+00 -2.835728e-01 -2.114491e-01 0.000000e+00
1.121907e-02 0.000000e+00 -2.835728e-01 -2.114491e-01 0.000000e+00
1.129658e-02 0.000000e+00 -2.835728e-01 -2.114491e-01 0.000000e+00
1.137521e-02 0.000000e+00 -2.835728e-01 -2.114491e-01 0.000000e+00
1.145498e-02 0.000000e+00 -2.835728e-01 -2.114491e-01 0.000000e+00
1.153590e-02 0.000000e+00 -2.835728e-01 -2.114491e-01 0.000000e+00
1.161797e-02 0.000000e+00 -2.835728e-01 -2.114491e-01 0.000000e+00
1.170120e-02 0.000000e+00 -2.835728e-01 -2.114491e-01 0.000000e+00
1.178560e-02 0.000000e+00 -2.835728e-01 -2.114491e-01 0.000000e+00
1.187118e-02 0.000000e+00 -2.835728e-01 -2.114491e-01 0.000000e+00
1.195795e-02 0.000000e+00 -2.835728e-01 -2.114491e-01 0.000000e+00
1.204591e-02 0.000000e+00 -2.835728e-01 -2.114491e-01 0.000000e+00
1.213508e-02 0.000000e+00 -2.835728e-01 -2.114491e-01 0.000000e+00
1.222546e-02 0.000000e+00 -2.835728e-01 -2.114491e-01 0.000000e+00
1.231707e-02 0.000000e+00 -2.835728e-01 -2.114491e-01 0.000000e+00
1.240990e-02 0.000000e+00 -2.835728e-01 -2.114491e-01 0.000000e+00
1.250398e-02 0.000000e+00 -2.835728e-01 -2.114491e-01 0.000000e+00
1.259931e-02 0.000000e+00 -2.835728e-01 -2.114491e-01 0.000000e+00
1.269589e-02 0.000000e+00 -2.835728e-01 -2.114491e-01 0.000000e+00
1.279375e-02 0.000000e+00 -2.835728e-01 -2.114491e-01 0.000000e+00
1.289289e-02 0.000000e+00 -2.835728e-01 -2.114491e-01 0.000000e+00
1.299331e-02 0.000000e+00 -2.835728e-01 -2.114491e-01 0.000000e+00
1.309504e-02 0.000000e+00 -2.835728e-01 -2.114491e-01 0.000000e+00
1.319807e-02 0.000000e+00 -2.835728e-01 -2.114491e-01 0.000000e+00
1.330242e-02 0.000000e+00 -2.835728e-01 -2.114491e-01 0.000000e+00
1.340811e-02 0.000000e+00 -2.835728e-01 -2.114491e-01 0.000000e+00
1.351513e-02 0.000000e+00 -2.835728e-01 -2.114491e-01 0.000000e+00
1.362351e-02 0.000000e+00 -2.835728e-01 -2.114491e-01 0.000000e+00
1.373325e-02 0.000000e+00 -2.835728e-01 -2.114491e-01 0.000000e+00
1.384436e-02 0.000000e+00 -2.835728e-01 -2.114491e-01 0.000000e+00
1.395686e-02 0.000000e+00 -2.835728e-01 -2.114491e-01 0.000000e+00
1.407075e-02 0.000000e+00 -2.835728e-01 -2.114491e-01 0.000000e+00
1.418605e-02 0.000000e+00 -2.835728e-01 -2.114491e-01 0.000000e+00
1.430277e-02 0.000000e+00 -2.835728e-01 -2.114491e-01 0.000000e+00
1.442092e-02 0.000000e+00 -2.835728e-01 -2.114491e-01 0.000000e+00
1.454051e-02 0.000000e+00 -2.835728e-01 -2.114491e-01 0.000000e+00
1.466155e-02 0.000000e+00 -2.835728e-01 -2.114491e-01 0.000000e+00
1.478406e-02 0.000000e+00 -2.835728e-01 -2.114491e-01 0.000000e+00
1.490805e-02 0.000000e+00 -2.835728e-01 -2.114491e-01 0.000000e+00
1.503353e-02 0.000000e+00 -2.835728e-01 -2.114491e-01 0.000000e+00
1.516052e-02 0.000000e+00 -2.835728e-01 -2.114491e-01 0.000000e+00
1.528902e-02 0.000000e+00 -2.835728e-01 -2.114491e-01 0.000000e+00
1.541904e-02 0.000000e+00 -2.835728e-01 -2.114491e-01 0.000000e+00
1.555062e-02 0.000000e+00 -2.835728e-01 -2.114491e-01 0.000000e+00
1.568374e-02 0.000000e+00 -2.835728e-01 -2.114491e-01 0.000000e+00
1.581843e-02 0.000000e+00 -2.835728e-01 -2.114491e-01 0.000000e+00
1.595471e-02 0.000000e+00 -2.835728e-01 -2.114491e-01 0.000000e+00
1.609258e-02 0.000000e+00 -2.835728e-01 -2.114491e-01 0.000000e+00
1.623206e-02 0.000000e+00 -2.835728e-01 -2.114491e-01 0.000000e+00
1.637317e-02 0.000000e+00 -2.835728e-01 -2.114491e-01 0.000000e+00
1.651591e-02 0.000000e+00 -2.835728e-01 -2.114491e-01 0.000000e+00
1.666030e-02 0.000000e+00 -2.835728e-01 -2.114491e-01 0.000000e+00
1.680636e-02 0.000000e+00 -2.835728e-01 -2.114491e-01 0.000000e+00
1.695410e-02 0.000000e+00 -2.835728e-01 -2.114491e-01 0.000000e+00
1.710353e-02 0.000000e+00 -2.835728e-01 -2.114491e-01 0.000000e+00
1.725468e-02 0.000000e+00 -2.835728e-01 -2.114491e-01 0.000000e+00
1.740755e-02 0.000000e+00 -2.835728e-01 -2.114491e-01 0.000000e+00
1.756216e-02 0.000000e+00 -2.835728e-01 -2.114491e-01 0.000000e+00
1.771853e-02 0.000000e+00 -2.835728e-01 -2.114491e-01 0.000000e+00
1.787667e-02 0.000000e+00 -2.835728e-01 -2.114491e-01 0.000000e+00
1.803659e-02 0.000000e+00 -2.835728e-01 -2.114491e-01 0.000000e+00
1.819832e-02 0.000000e+00 -2.835728e-01 -2.114491e-01 0.000000e+00
1.836187e-02 0.000000e+00 -2.835728e-01 -2.114491e-01 0.000000e+00
1.852726e-02 0.000000e+00 -2.835728e-01 -2.114491e-01 0.000000e+00
1.869450e-02 0.000000e+00 -2.835728e-01 -2.114491e-01 0.000000e+00
1.886361e-02 0.000000e+00 -2.835728e-01 -2.114491e-01 0.000000e+00
1.903461e-02 0.000000e+00 -2.835728e-01 -2.114491e-01 0.000000e+00
1.920750e-02 0.000000e+00 -2.835728e-01 -2.114491e-01 0.000000e+00
1.938232e-02 0.000000e+00 -2.835728e-01 -2.114491e-01 0.000000e+00
1.955908e-02 0.000000e+00 -2.835728e-01 -2.114491e-01 0.000000e+00
1.973780e-02 0.000000e+00 -2.835728e-01 -2.114491e-01 0.000000e+00
1.991848e-02 0.000000e+00 -2.835728e-01 -2.114491e-01 0.000000e+00
2.010116e-02 0.000000e+00 -2.835728e-01 -2.114491e-01 0.000000e+00
2.028585e-02 0.000000e+00 -2.835728e-01 -2.114491e-01 0.000000e+00
2.047257e-02 0.000000e+00 -2.835728e-01 -2.114491e-01 0.000000e+00
2.066134e-02 0.000000e+00 -2.835728e-01 -2.114491e-01 0.000000e+00
2.085217e-02 0.000000e+00 -2.835728e-01 -2.114491e-01 0.000000e+00
2.104508e-02 0.000000e+00 -2.835728e-01 -2.114491e-01 0.000000e+00
2.124011e-02 0.000000e+00 -2.835728e-01 -2.114491e-01 0.000000e+00
2.143725e-02 0.000000e+00 -2.835728e-01 -2.114491e-01 0.000000e+00
2.163654e-02 0.000000e+00 -2.835728e-01 -2.114491e-01 0.000000e+00
2.183799e-02 0.000000e+00 -2.835728e-01 -2.114491e-01 0.000000e+00
2.204163e-02 0.000000e+00 -2.835728e-01 -2.114491e-01 0.000000e+00
2.224747e-02 0.000000e+00 -2.835728e-01 -2.114491e-01 0.000000e+00
2.245554e-02 0.000000e+00 -2.835728e-01 -2.114491e-01 0.000000e+00
2.266585e-02 0.000000e+00 -2.835728e-01 -2.114491e-01 0.000000e+00
2.287843e-02 0.000000e+00 -2.835728e-01 -2.114491e-01 0.000000e+00
2.309329e-02 0.000000e+00 -2.835728e-01 -2.114491e-01 0.000000e+00
2.331047e-02 0.000000e+00 -2.835728e-01 -2.114491e-01 0.000000e+00
2.352997e-02 0.000000e+00 -2.835728e-01 -2.114491e-01 0.000000e+00
2.375183e-02 0.000000e+00 -2.835728e-01 -2.114491e-01 0.000000e+00
2.397607e-02 0.000000e+00 -2.835728e-01 -2.114491e-01 0.000000e+00
2.420270e-02 0.000000e+00 -2.835728e-01 -2.114491e-01 0.000000e+00
2.443175e-02 0.000000e+00 -2.835728e-01 -2.114491e-01 0.000000e+00
2.466325e-02 0.000000e+00 -2.835728e-01 -2.114491e-01 0.000000e+00
2.489721e-02 0.000000e+00 -2.835728e-01 -2.114491e-01 0.000000e+00
2.513366e-02 0.000000e+00 -2.835728e-01 -2.114491e-01 0.000000e+00
2.537262e-02 0.000000e+00 -2.835728e-01 -2.114491e-01 0.000000e+00
2.561413e-02 0.000000e+00 -2.835728e-01 -2.114491e-01 0.000000e+00
2.585819e-02 0.000000e+00 -2.835728e-01 -2.114491e-01 0.000000e+00
2.610484e-02 0.000000e+00 -2.835728e-01 -2.114491e-01 0.000000e+00
2.635410e-02 0.000000e+00 -2.835728e-01 -2.114491e-01 0.000000e+00
2.660599e-02 0.000000e+00 -2.835728e-01 -2.114491e-01 0.000000e+00
2.686055e-02 0.000000e+00 -2.835728e-01 -2.114491e-01 0.000000e+00
2.711779e-02 0.000000e+00 -2.835728e-01 -2.114491e-01 0.000000e+00
2.737775e-02 0.000000e+00 -2.835728e-01 -2.114491e-01 0.000000e+00
2.764044e-02 0.000000e+00 -2.835728e-01 -2.114491e-01 0.000000e+00
2.790589e-02 0.000000e+00 -2.835728e-01 -2.114491e-01 0.000000e+00
2.817414e-02 0.000000e+00 -2.835728e-01 -2.114491e-01 0.000000e+00
2.844520e-02 0.000000e+00 -2.835728e-01 -2.114491e-01 0.000000e+00
2.871911e-02 0.000000e+00 -2.835728e-01 -2.114491e-01 0.000000e+00
2.899589e-02 0.000000e+00 -2.835728e-01 -2.114491e-01 0.000000e+00
2.927557e-02 0.000000e+00 -2.835728e-01 -2.114491e-01 0.000000e+00
2.955818e-02 0.000000e+00 -2.835728e-01 -2.114491e-01 0.000000e+00
2.984374e-02 0.000000e+00 -2.835728e-01 -2.114491e-01 0.000000e+00
3.013229e-02 0.000000e+00 -2.835728e-01 -2.114491e-01 0.000000e+00
3.042385e-02 0.000000e+00 -2.835728e-01 -2.114491e-01 0.000000e+00
3.071846e-02 0.000000e+00 -2.835728e-01 -2.114491e-01 0.000000e+00
3.101613e-02 0.000000e+00 -2.835728e-01 -2.114491e-01 0.000000e+00
3.131691e-02 0.000000e+00 -2.835728e-01 -2.114491e-01 0.000000e+00
3.162082e-02 0.000000e+00 -2.835728e-01 -2.114491e-01 0.000000e+00
3.192789e-02 0.000000e+00 -2.835728e-01 -2.114491e-01 0.000000e+00
3.223815e-02 0.000000e+00 -2.835728e-01 -2.114491e-01 0.000000e+00
3.255164e-02 0.000000e+00 -2.835728e-01 -2.114491e-01 0.000000e+00
3.286838e-02 0.000000e+00 -2.835728e-01 -2.114491e-01 0.000000e+00
3.318841e-02 0.000000e+00 -2.835728e-01 -2.114491e-01 0.000000e+00
3.351176e-02 0.000000e+00 -2.835728e-01 -2.114491e-01 0.000000e+00
3.383846e-02 0.000000e+00 -2.835728e-01 -2.114491e-01 0.000000e+00
3.416854e-02 0.000000e+00 -2.835728e-01 -2.114491e-01 0.000000e+00
3.450204e-02 0.000000e+00 -2.835728e-01 -2.114491e-01 0.000000e+00
3.483899e-02 0.000000e+00 -2.835728e-01 -2.114491e-01 0.000000e+00
3.517943e-02 0.000000e+00 -2.835728e-01 -2.114491e-01 0.000000e+00
3.552338e-02 0.000000e+00 -2.835728e-01 -2.114491e-01 0.000000e+00
3.587088e-02 0.000000e+00 -2.835728e-01 -2.114491e-01 0.000000e+00
3.622197e-02 0.000000e+00 -2.835728e-01 -2.114491e-01 0.000000e+00
3.657669e-02 0.000000e+00 -2.835728e-01 -2.114491e-01 0.000000e+00
3.693506e-02 0.000000e+00 -2.835728e-01 -2.114491e-01 0.000000e+00
3.729713e-02 0.000000e+00 -2.835728e-01 -2.114491e-01 0.000000e+00
3.766292e-02 0.000000e+00 -2.835728e-01 -2.114491e-01 0.000000e+00
3.803248e-02 0.000000e+00 -2.835728e-01 -2.114491e-01 0.000000e+00
3.840585e-02 0.000000e+00 -2.835728e-01 -2.114491e-01 0.000000e+00
3.878305e-02 0.000000e+00 -2.835728e-01 -2.114491e-01 0.000000e+00
3.916414e-02 0.000000e+00 -2.835728e-01 -2.114491e-01 0.000000e+00
3.954914e-02 0.000000e+00 -2.835728e-01 -2.114491e-01 0.000000e+00
3.993809e-02 0.000000e+00 -2.835728e-01 -2.114491e-01 0.000000e+00
4.033104e-02 0.000000e+00 -2.835728e-01 -2.114491e-01 0.000000e+00
4.072802e-02 0.000000e+00 -2.835728e-01 -2.114491e-01 0.000000e+00
4.112908e-02 0.000000e+00 -2.835728e-01 -2.114491e-01 0.000000e+00
4.153424e-02 0.000000e+00 -2.835728e-01 -2.114491e-01 0.000000e+00
4.194357e-02 0.000000e+00 -2.835728e-01 -2.114491e-01 0.000000e+00
4.235708e-02 0.000000e+00 -2.835728e-01 -2.114491e-01 0.000000e+00
4.277483e-02 0.000000e+00 -2.835728e-01 -2.114491e-01 0.000000e+00
4.319686e-02 0.000000e+00 -2.835728e-01 -2.114491e-01 0.000000e+00
4.362321e-02 0.000000e+00 -2.835728e-01 -2.114491e-01 0.000000e+00
4.405392e-02 0.000000e+00 -2.835728e-01 -2.114491e-01 0.000000e+00
4.448904e-02 0.000000e+00 -2.835728e-01 -2.114491e-01 0.000000e+00
4.492860e-02 0.000000e+00 -2.835728e-01 -2.114491e-01 0.000000e+00
4.537266e-02 0.000000e+00 -2.835728e-01 -2.114491e-01 0.000000e+00
4.582126e-02 0.000000e+00 -2.835728e-01 -2.114491e-01 0.000000e+00
4.627443e-02 0.000000e+00 -2.835728e-01 -2.114491e-01 0.000000e+00
4.673224e-02 0.000000e+00 -2.835728e-01 -2.114491e-01 0.000000e+00
4.719472e-02 0.000000e+00 -2.835728e-01 -2.114491e-01 0.000000e+00
4.766192e-02 0.000000e+00 -2.835728e-01 -2.114491e-01 0.000000e+00
4.813388e-02 0.000000e+00 -2.835728e-01 -2.114491e-01 0.000000e+00
4.861066e-02 0.000000e+00 -2.835728e-01 -2.114491e-01 0.000000e+00
4.909230e-02 0.000000e+00 -2.835728e-01 -2.114491e-01 0.000000e+00
4.957885e-02 0.000000e+00 -2.835728e-01 -2.114491e-01 0.000000e+00
5.007035e-02 0.000000e+00 -2.835728e-01 -2.114491e-01 0.000000e+00
5.056686e-02 0.000000e+00 -2.835728e-01 -2.114491e-01 0.000000e+00
5.106843e-02 0.000000e+00 -2.835728e-01 -2.114491e-01 0.000000e+00
5.157511e-02 0.000000e+00 -2.835728e-01 -2.114491e-01 0.000000e+00
5.208694e-02 0.000000e+00 -2.835728e-01 -2.114491e-01 0.000000e+00
5.260399e-02 0.000000e+00 -2.835728e-01 -2.114491e-01 0.000000e+00
5.312629e-02 0.000000e+00 -2.835728e-01 -2.114491e-01 0.000000e+00
5.365391e-02 0.000000e+00 -2.835728e-01 -2.114491e-01 0.000000e+00
5.418689e-02 0.000000e+00 -2.835728e-01 -2.114491e-01 0.000000e+00
5.472529e-02 0.000000e+00 -2.835728e-01 -2.114491e-01 0.000000e+00
5.526916e-02 0.000000e+00 -2.835728e-01 -2.114491e-01 0.000000e+00
5.581856e-02 0.000000e+00 -2.835728e-01 -2.114491e-01 0.000000e+00
5.637354e-02 0.000000e+00 -2.835728e-01 -2.114491e-01 0.000000e+00
5.693416e-02 0.000000e+00 -2.835728e-01 -2.114491e-01 0.000000e+00
5.750047e-02 0.000000e+00 -2.835728e-01 -2.114491e-01 0.000000e+00
5.807254e-02 0.000000e+00 -2.835728e-01 -2.114491e-01 0.000000e+00
5.865041e-02 0.000000e+00 -2.835728e-01 -2.114491e-01 0.000000e+00
5.923414e-02 0.000000e+00 -2.835728e-01 -2.114491e-01 0.000000e+00
5.982380e-02 0.000000e+00 -2.835728e-01 -2.114491e-01 0.000000e+00
6.041944e-02 0.000000e+00 -2.835728e-01 -2.114491e-01 0.000000e+00
6.102112e-02 0.000000e+00 -2.835728e-01 -2.114491e-01 0.000000e+00
6.162891e-02 0.000000e+00 -2.835728e-01 -2.114491e-01 0.000000e+00
6.224286e-02 0.000000e+00 -2.835728e-01 -2.114491e-01 0.000000e+00
6.286303e-02 0.000000e+00 -2.835728e-01 -2.114491e-01 0.000000e+00
6.348949e-02 0.000000e+00 -2.835728e-01 -2.114491e-01 0.000000e+00
6.412230e-02 0.000000e+00 -2.835728e-01 -2.114491e-01 0.000000e+00
6.476152e-02 0.000000e+00 -2.835728e-01 -2.114491e-01 0.000000e+00
6.540721e-02 0.000000e+00 -2.835728e-01 -2.114491e-01 0.000000e+00
6.605945e-02 0.000000e+00 -2.835728e-01 -2.114491e-01 0.000000e+00
6.671829e-02 0.000000e+00 -2.835728e-01 -2.114491e-01 0.000000e+00
6.738381e-02 0.000000e+00 -2.835728e-01 -2.114491e-01 0.000000e+00
6.805606e-02 0.000000e+00 -2.835728e-01 -2.114491e-01 0.000000e+00
6.873512e-02 0.000000e+00 -2.835728e-01 -2.114491e-01 0.000000e+00
6.942105e-02 0.000000e+00 -2.835728e-01 -2.114491e-01 0.000000e+00
7.011393e-02 0.000000e+00 -2.835728e-01 -2.114491e-01 0.000000e+00
7.081381e-02 0.000000e+00 -2.835728e-01 -2.114491e-01 0.000000e+00
7.152078e-02 0.000000e+00 -2.835728e-01 -2.114491e-01 0.000000e+00
7.223490e-02 0.000000e+00 -2.835728e-01 -2.114491e-01 0.000000e+00
7.295624e-02 0.000000e+00 -2.835728e-01 -2.114491e-01 0.000000e+00
7.368488e-02 0.000000e+00 -2.835728e-01 -2.114491e-01 0.000000e+00
7.442089e-02 0.000000e+00 -2.835728e-01 -2.114491e-01 0.000000e+00
7.516434e-02 0.000000e+00 -2.835728e-01 -2.114491e-01 0.000000e+00
7.591531e-02 0.000000e+00 -2.835728e-01 -2.114491e-01 0.000000e+00
7.667386e-02 0.000000e+00 -2.835728e-01 -2.114491e-01 0.000000e+00
7.744009e-02 0.000000e+00 -2.835728e-01 -2.114491e-01 0.000000e+00
7.821406e-02 0.000000e+00 -2.835728e-01 -2.114491e-01 0.000000e+00
7.899585e-02 0.000000e+00 -2.835728e-01 -2.114491e-01 0.000000e+00
7.978554e-02 0.000000e+00 -2.835728e-01 -2.114491e-01 0.000000e+00
8.058321e-02 0.000000e+00 -2.835728e-01 -2.114491e-01 0.000000e+00
8.138893e-02 0.000000e+00 -2.835728e-01 -2.114491e-01 0.000000e+00
8.220280e-02 0.000000e+00 -2.835728e-01 -2.114491e-01 0.000000e+00
8.302489e-02 0.000000e+00 -2.835728e-01 -2.114491e-01 0.000000e+00
8.385528e-02 0.000000e+00 -2.835728e-01 -2.114491e-01 0.000000e+00
8.469405e-02 0.000000e+00 -2.835728e-01 -2.114491e-01 0.000000e+00
8.554130e-02 0.000000e+00 -2.835728e-01 -2.114491e-01 0.000000e+00
8.639709e-02 0.000000e+00 -2.835728e-01 -2.114491e-01 0.000000e+00
8.726153e-02 0.000000e+00 -2.835728e-01 -2.114491e-01 0.000000e+00
8.813470e-02 0.000000e+00 -2.835728e-01 -2.114491e-01 0.000000e+00
8.901668e-02 0.000000e+00 -2.835728e-01 -2.114491e-01 0.000000e+00
8.990756e-02 0.000000e+00 -2.835728e-01 -2.114491e-01 0.000000e+00
9.080743e-02 0.000000e+00 -2.835728e-01 -2.114491e-01 0.000000e+00
9.171638e-02 0.000000e+00 -2.835728e-01 -2.114491e-01 0.000000e+00
9.263450e-02 0.000000e+00 -2.835728e-01 -2.114491e-01 0.000000e+00
9.356189e-02 0.000000e+00 -2.835728e-01 -2.114491e-01 0.000000e+00
9.449863e-02 0.000000e+00 -2.835728e-01 -2.114491e-01 0.000000e+00
9.544482e-02 0.000000e+00 -2.835728e-01 -2.114491e-01 0.000000e+00
9.640056e-02 0.000000e+00 -2.835728e-01 -2.114491e-01 0.000000e+00
9.736594e-02 0.000000e+00 -2.835728e-01 -2.114491e-01 0.000000e+00
9.834105e-02 0.000000e+00 -2.835728e-01 -2.114491e-01 0.000000e+00
9.932600e-02 0.000000e+00 -2.835728e-01 -2.114491e-01 0.000000e+00
1.003209e-01 0.000000e+00 -2.835728e-01 -2.114491e-01 0.000000e+00
1.013258e-01 0.000000e+00 -2.835728e-01 -2.114491e-01 0.000000e+00
1.023408e-01 0.000000e+00 -2.835728e-01 -2.114491e-01 0.000000e+00
1.033661e-01 0.000000e+00 -2.835728e-01 -2.114491e-01 0.000000e+00
1.044017e-01 0.000000e+00 -2.835728e-01 -2.114491e-01 0.000000e+00
1.054478e-01 0.000000e+00 -2.835728e-01 -2.114491e-01 0.000000e+00
1.065044e-01 0.000000e+00 -2.835728e-01 -2.114491e-01 0.000000e+00
1.075717e-01 0.000000e+00 -2.835728e-01 -2.114491e-01 0.000000e+00
1.086497e-01 0.000000e+00 -2.835728e-01 -2.114491e-01 0.000000e+00
1.097385e-01 0.000000e+00 -2.835728e-01 -2.114491e-01 0.000000e+00
1.108384e-01 0.000000e+00 -2.835728e-01 -2.114491e-01 0.000000e+00
1.119493e-01 0.000000e+00 -2.835728e-01 -2.114491e-01 0.000000e+00
1.130714e-01 0.000000e+00 -2.835728e-01 -2.114491e-01 0.000000e+00
1.142049e-01 0.000000e+00 -2.835728e-01 -2.114491e-01 0.000000e+00
1.153497e-01 0.000000e+00 -2.835728e-01 -2.114491e-01 0.000000e+00
1.165061e-01 0.000000e+00 -2.835728e-01 -2.114491e-01 0.000000e+00
1.176742e-01 0.000000e+00 -2.835728e-01 -2.114491e-01 0.000000e+00
1.188540e-01 0.000000e+00 -2.835728e-01 -2.114491e-01 0.000000e+00
1.200457e-01 0.000000e+00 -2.835728e-01 -2.114491e-01 0.000000e+00
1.212494e-01 0.000000e+00 -2.835728e-01 -2.114491e-01 0.000000e+00
1.224652e-01 0.000000e+00 -2.835728e-01 -2.114491e-01 0.000000e+00
1.236933e-01 0.000000e+00 -2.835728e-01 -2.114491e-01 0.000000e+00
1.249337e-01 0.000000e+00 -2.835728e-01 -2.114491e-01 0.000000e+00
1.261866e-01 0.000000e+00 -2.835728e-01 -2.114491e-01 0.000000e+00
1.274522e-01 0.000000e+00 -2.835728e-01 -2.114491e-01 0.000000e+00
1.287305e-01 0.000000e+00 -2.835728e-01 -2.114491e-01 0.000000e+00
1.300217e-01 0.000000e+00 -2.835728e-01 -2.114491e-01 0.000000e+00
1.313258e-01 0.000000e+00 -2.835728e-01 -2.114491e-01 0.000000e+00
1.326431e-01 0.000000e+00 -2.835728e-01 -2.114491e-01 0.000000e+00
1.339737e-01 0.000000e+00 -2.835728e-01 -2.114491e-01 0.000000e+00
1.353177e-01 0.000000e+00 -2.835728e-01 -2.114491e-01 0.000000e+00
1.366752e-01 0.000000e+00 -2.835728e-01 -2.114491e-01 0.000000e+00
1.380463e-01 0.000000e+00 -2.835728e-01 -2.114491e-01 0.000000e+00
1.394313e-01 0.000000e+00 -2.835728e-01 -2.114491e-01 0.000000e+00
1.408302e-01 0.000000e+00 -2.835728e-01 -2.114491e-01 0.000000e+00
1.422432e-01 0.000000e+00 -2.835728e-01 -2.114491e-01 0.000000e+00
1.436704e-01 0.000000e+00 -2.835728e-01 -2.114491e-01 0.000000e+00
1.451120e-01 0.000000e+00 -2.835728e-01 -2.114491e-01 0.000000e+00
1.465681e-01 0.000000e+00 -2.835728e-01 -2.114491e-01 0.000000e+00
1.480389e-01 0.000000e+00 -2.835728e-01 -2.114491e-01 0.000000e+00
1.495245e-01 0.000000e+00 -2.835728e-01 -2.114491e-01 0.000000e+00
1.510250e-01 0.000000e+00 -2.835728e-01 -2.114491e-01 0.000000e+00
1.525406e-01 0.000000e+00 -2.835728e-01 -2.114491e-01 0.000000e+00
1.540715e-01 0.000000e+00 -2.835728e-01 -2.114491e-01 0.000000e+00
1.556177e-01 0.000000e+00 -2.835728e-01 -2.114491e-01 0.000000e+00
1.571796e-01 0.000000e+00 -2.835728e-01 -2.114491e-01 0.000000e+00
1.587571e-01 0.000000e+00 -2.835728e-01 -2.114491e-01 0.000000e+00
1.603506e-01 0.000000e+00 -2.835728e-01 -2.114491e-01 0.000000e+00
1.619600e-01 0.000000e+00 -2.835728e-01 -2.114491e-01 0.000000e+00
1.635857e-01 0.000000e+00 -2.835728e-01 -2.114491e-01 0.000000e+00
1.652277e-01 0.000000e+00 -2.835728e-01 -2.114491e-01 0.000000e+00
1.668863e-01 0.000000e+00 -2.835728e-01 -2.114491e-01 0.000000e+00
1.685615e-01 0.000000e+00 -2.835728e-01 -2.114491e-01 0.000000e+00
1.702536e-01 0.000000e+00 -2.835728e-01 -2.114491e-01 0.000000e+00
1.719627e-01 0.000000e+00 -2.835728e-01 -2.114491e-01 0.000000e+00
1.736890e-01 0.000000e+00 -2.835728e-01 -2.114491e-01 0.000000e+00
1.754327e-01 0.000000e+00 -2.835728e-01 -2.114491e-01 0.000000e+00
1.771940e-01 0.000000e+00 -2.835728e-01 -2.114491e-01 0.000000e+00
1.789729e-01 0.000000e+00 -2.835728e-01 -2.114491e-01 0.000000e+00
1.807698e-01 0.000000e+00 -2.835728e-01 -2.114491e-01 0.000000e+00
1.825847e-01 0.000000e+00 -2.835728e-01 -2.114491e-01 0.000000e+00
1.844179e-01 0.000000e+00 -2.835728e-01 -2.114491e-01 0.000000e+00
1.862695e-01 0.000000e+00 -2.835728e-01 -2.114491e-01 0.000000e+00
1.881397e-01 0.000000e+00 -2.835728e-01 -2.114491e-01 0.000000e+00
1.900288e-01 0.000000e+00 -2.835728e-01 -2.114491e-01 0.000000e+00
1.919369e-01 0.000000e+00 -2.835728e-01 -2.114491e-01 0.000000e+00
1.938641e-01 0.000000e+00 -2.835728e-01 -2.114491e-01 0.000000e+00
1.958108e-01 0.000000e+00 -2.835728e-01 -2.114491e-01 0.000000e+00
1.977770e-01 0.000000e+00 -2.835728e-01 -2.114491e-01 0.000000e+00
1.997630e-01 0.000000e+00 -2.835728e-01 -2.114491e-01 0.000000e+00
2.017690e-01 0.000000e+00 -2.835728e-01 -2.114491e-01 0.000000e+00
2.037951e-01 0.000000e+00 -2.835728e-01 -2.114491e-01 0.000000e+00
2.058417e-01 0.000000e+00 -2.835728e-01 -2.114491e-01 0.000000e+00
2.079088e-01 0.000000e+00 -2.835728e-01 -2.114491e-01 0.000000e+00
2.099967e-01 0.000000e+00 -2.835728e-01 -2.114491e-01 0.000000e+00
2.121056e-01 0.000000e+00 -2.835728e-01 -2.114491e-01 0.000000e+00
2.142357e-01 0.000000e+00 -2.835728e-01 -2.114491e-01 0.000000e+00
2.163873e-01 0.000000e+00 -2.835728e-01 -2.114491e-01 0.000000e+00
2.185605e-01 0.000000e+00 -2.835728e-01 -2.114491e-01 0.000000e+00
2.207555e-01 0.000000e+00 -2.835728e-01 -2.114491e-01 0.000000e+00
2.229726e-01 0.000000e+00 -2.835728e-01 -2.114491e-01 0.000000e+00
2.252121e-01 0.000000e+00 -2.835728e-01 -2.114491e-01 0.000000e+00
2.274740e-01 0.000000e+00 -2.835728e-01 -2.114491e-01 0.000000e+00
2.297587e-01 0.000000e+00 -2.835728e-01 -2.114491e-01 0.000000e+00
2.320663e-01 0.000000e+00 -2.835728e-01 -2.114491e-01 0.000000e+00
2.343972e-01 0.000000e+00 -2.835728e-01 -2.114491e-01 0.000000e+00
2.367515e-01 0.000000e+00 -2.835728e-01 -2.114491e-01 0.000000e+00
2.391295e-01 0.000000e+00 -2.835728e-01 -2.114491e-01 0.000000e+00
2.415314e-01 0.000000e+00 -2.835728e-01 -2.114491e-01 0.000000e+00
2.439575e-01 0.000000e+00 -2.835728e-01 -2.114491e-01 0.000000e+00
2.464079e-01 0.000000e+00 -2.835728e-01 -2.114491e-01 0.000000e+00
2.488830e-01 0.000000e+00 -2.835728e-01 -2.114491e-01 0.000000e+00
2.513830e-01 0.000000e+00 -2.835728e-01 -2.114491e-01 0.000000e+00
2.539081e-01 0.000000e+00 -2.835728e-01 -2.114491e-01 0.000000e+00
2.564586e-01 0.000000e+00 -2.835728e-01 -2.114491e-01 0.000000e+00
2.590347e-01 0.000000e+00 -2.835728e-01 -2.114491e-01 0.000000e+00
2.616368e-01 0.000000e+00 -2.835728e-01 -2.114491e-01 0.000000e+00
2.642650e-01 0.000000e+00 -2.835728e-01 -2.114491e-01 0.000000e+00
2.669197e-01 0.000000e+00 -2.835728e-01 -2.114491e-01 0.000000e+00
2.696010e-01 0.000000e+00 -2.835728e-01 -2.114491e-01 0.000000e+00
2.723093e-01 0.000000e+00 -2.835728e-01 -2.114491e-01 0.000000e+00
2.750448e-01 0.000000e+00 -2.835728e-01 -2.114491e-01 0.000000e+00
2.778079e-01 0.000000e+00 -2.835728e-01 -2.114491e-01 0.000000e+00
2.805987e-01 0.000000e+00 -2.835728e-01 -2.114491e-01 0.000000e+00
2.834175e-01 0.000000e+00 -2.835728e-01 -2.114491e-01 0.000000e+00
2.862648e-01 0.000000e+00 -2.835728e-01 -2.114491e-01 0.000000e+00
2.891406e-01 0.000000e+00 -2.835728e-01 -2.114491e-01 0.000000e+00
2.920454e-01 0.000000e+00 -2.835728e-01 -2.114491e-01 0.000000e+00
2.949793e-01 0.000000e+00 -2.835728e-01 -2.114491e-01 0.000000e+00
2.979428e-01 0.000000e+00 -2.835728e-01 -2.114491e-01 0.000000e+00
3.009360e-01 0.000000e+00 -2.835728e-01 -2.114491e-01 0.000000e+00
3.039594e-01 0.000000e+00 -2.835728e-01 -2.114491e-01 0.000000e+00
3.070131e-01 0.000000e+00 -2.835728e-01 -2.114491e-01 0.000000e+00
3.100976e-01 0.000000e+00 -2.835728e-01 -2.114491e-01 0.000000e+00
3.132130e-01 0.000000e+00 -2.835728e-01 -2.114491e-01 0.000000e+00
3.163598e-01 0.000000e+00 -2.835728e-01 -2.114491e-01 0.000000e+00
3.195382e-01 0.000000e+00 -2.835728e-01 -2.114491e-01 0.000000e+00
3.227486e-01 0.000000e+00 -2.835728e-01 -2.114491e-01 0.000000e+00
3.259913e-01 0.000000e+00 -2.835728e-01 -2.114491e-01 0.000000e+00
3.292665e-01 0.000000e+00 -2.835728e-01 -2.114491e-01 0.000000e+00
3.325747e-01 0.000000e+00 -2.835728e-01 -2.114491e-01 0.000000e+00
3.359161e-01 0.000000e+00 -2.835728e-01 -2.114491e-01 0.000000e+00
3.392911e-01 0.000000e+00 -2.835728e-01 -2.114491e-01 0.000000e+00
3.427001e-01 0.000000e+00 -2.835728e-01 -2.114491e-01 0.000000e+00
3.461433e-01 0.000000e+00 -2.835728e-01 -2.114491e-01 0.000000e+00
3.496211e-01 0.000000e+00 -2.835728e-01 -2.114491e-01 0.000000e+00
3.531339e-01 0.000000e+00 -2.835728e-01 -2.114491e-01 0.000000e+00
3.566820e-01 0.000000e+00 -2.835728e-01 -2.114491e-01 0.000000e+00
3.602658e-01 0.000000e+00 -2.835728e-01 -2.114491e-01 0.000000e+00
3.638856e-01 0.000000e+00 -2.835728e-01 -2.114491e-01 0.000000e+00
3.675418e-01 0.000000e+00 -2.835728e-01 -2.114491e-01 0.000000e+00
3.712348e-01 0.000000e+00 -2.835728e-01 -2.114491e-01 0.000000e+00
3.749648e-01 0.000000e+00 -2.835728e-01 -2.114491e-01 0.000000e+00
3.787324e-01 0.000000e+00 -2.835728e-01 -2.114491e-01 0.000000e+00
3.825379e-01 0.000000e+00 -2.835728e-01 -2.114491e-01 0.000000e+00
3.863815e-01 0.000000e+00 -2.835728e-01 -2.114491e-01 0.000000e+00
3.902639e-01 0.000000e+00 -2.835728e-01 -2.114491e-01 0.000000e+00
3.941852e-01 0.000000e+00 -2.835728e-01 -2.114491e-01 0.000000e+00
3.981460e-01 0.000000e+00 -2.835728e-01 -2.114491e-01 0.000000e+00
4.021466e-01 0.000000e+00 -2.835728e-01 -2.114491e-01 0.000000e+00
4.061874e-01 0.000000e+00 -2.835728e-01 -2.114491e-01 0.000000e+00
4.102689e-01 0.000000e+00 -2.835728e-01 -2.114491e-01 0.000000e+00
4.143913e-01 0.000000e+00 -2.835728e-01 -2.114491e-01 0.000000e+00
4.185552e-01 0.000000e+00 -2.835728e-01 -2.114491e-01 0.000000e+00
4.227610e-01 0.000000e+00 -2.835728e-01 -2.114491e-01 0.000000e+00
4.270090e-01 0.000000e+00 -2.835728e-01 -2.114491e-01 0.000000e+00
4.312997e-01 0.000000e+00 -2.835728e-01 -2.114491e-01 0.000000e+00
4.356336e-01 0.000000e+00 -2.835728e-01 -2.114491e-01 0.000000e+00
4.400110e-01 0.000000e+00 -2.835728e-01 -2.114491e-01 0.000000e+00
4.444325e-01 0.000000e+00 -2.835728e-01 -2.114491e-01 0.000000e+00
4.488983e-01 0.000000e+00 -2.835728e-01 -2.114491e-01 0.000000e+00
4.534091e-01 0.000000e+00 -2.835728e-01 -2.114491e-01 0.000000e+00
4.579652e-01 0.000000e+00 -2.835728e-01 -2.114491e-01 0.000000e+00
4.625671e-01 0.000000e+00 -2.835728e-01 -2.114491e-01 0.000000e+00
4.672152e-01 0.000000e+00 -2.835728e-01 -2.114491e-01 0.000000e+00
4.719101e-01 0.000000e+00 -2.835728e-01 -2.114491e-01 0.000000e+00
4.766522e-01 0.000000e+00 -2.835728e-01 -2.114491e-01 0.000000e+00
4.814419e-01 0.000000e+00 -2.835728e-01 -2.114491e-01 0.000000e+00
4.862798e-01 0.000000e+00 -2.835728e-01 -2.114491e-01 0.000000e+00
4.911663e-01 0.000000e+00 -2.835728e-01 -2.114491e-01 0.000000e+00
4.961019e-01 0.000000e+00 -2.835728e-01 -2.114491e-01 0.000000e+00
5.010872e-01 0.000000e+00 -2.835728e-01 -2.114491e-01 0.000000e+00
5.061225e-01 0.000000e+00 -2.835728e-01 -2.114491e-01 0.000000e+00
5.112085e-01 0.000000e+00 -2.835728e-01 -2.114491e-01 0.000000e+00
5.163455e-01 0.000000e+00 -2.835728e-01 -2.114491e-01 0.000000e+00
5.215343e-01 0.000000e+00 -2.835728e-01 -2.114491e-01 0.000000e+00
5.267751e-01 0.000000e+00 -2.835728e-01 -2.114491e-01 0.000000e+00
5.320687e-01 0.000000e+00 -2.835728e-01 -2.114491e-01 0.000000e+00
5.374154e-01 0.000000e+00 -2.835728e-01 -2.114491e-01 0.000000e+00
5.428159e-01 0.000000e+00 -2.835728e-01 -2.114491e-01 0.000000e+00
5.482707e-01 0.000000e+00 -2.835728e-01 -2.114491e-01 0.000000e+00
5.537803e-01 0.000000e+00 -2.835728e-01 -2.114491e-01 0.000000e+00
5.593453e-01 0.000000e+00 -2.835728e-01 -2.114491e-01 0.000000e+00
5.649662e-01 0.000000e+00 -2.835728e-01 -2.114491e-01 0.000000e+00
5.706436e-01 0.000000e+00 -2.835728e-01 -2.114491e-01 0.000000e+00
5.763781e-01 0.000000e+00 -2.835728e-01 -2.114491e-01 0.000000e+00
5.821702e-01 0.000000e+00 -2.835728e-01 -2.114491e-01 0.000000e+00
5.880206e-01 0.000000e+00 -2.835728e-01 -2.114491e-01 0.000000e+00
5.939297e-01 0.000000e+00 -2.835728e-01 -2.114491e-01 0.000000e+00
5.998982e-01 0.000000e+00 -2.835728e-01 -2.114491e-01 0.000000e+00
6.059267e-01 0.000000e+00 -2.835728e-01 -2.114491e-01 0.000000e+00
6.120159e-01 0.000000e+00 -2.835728e-01 -2.114491e-01 0.000000e+00
6.181662e-01 0.000000e+00 -2.835728e-01 -2.114491e-01 0.000000e+00
6.243783e-01 0.000000e+00 -2.835728e-01 -2.114491e-01 0.000000e+00
6.306529e-01 0.000000e+00 -2.835728e-01 -2.114491e-01 0.000000e+00
6.369905e-01 0.000000e+00 -2.835728e-01 -2.114491e-01 0.000000e+00
6.433919e-01 0.000000e+00 -2.835728e-01 -2.114491e-01 0.000000e+00
6.498575e-01 0.000000e+00 -2.835728e-01 -2.114491e-01 0.000000e+00
6.563882e-01 0.000000e+00 -2.835728e-01 -2.114491e-01 0.000000e+00
6.629845e-01 0.000000e+00 -2.835728e-01 -2.114491e-01 0.000000e+00
6.696471e-01 0.000000e+00 -2.835728e-01 -2.114491e-01 0.000000e+00
6.763767e-01 0.000000e+00 -2.835728e-01 -2.114491e-01 0.000000e+00
6.831739e-01 0.000000e+00 -2.835728e-01 -2.114491e-01 0.000000e+00
6.900394e-01 0.000000e+00 -2.835728e-01 -2.114491e-01 0.000000e+00
6.969739e-01 0.000000e+00 -2.835728e-01 -2.114491e-01 0.000000e+00
7.039782e-01 0.000000e+00 -2.835728e-01 -2.114491e-01 0.000000e+00
7.110528e-01 0.000000e+00 -2.835728e-01 -2.114491e-01 0.000000e+00
7.181985e-01 0.000000e+00 -2.835728e-01 -2.114491e-01 0.000000e+00
7.254161e-01 0.000000e+00 -2.835728e-01 -2.114491e-01 0.000000e+00
7.327062e-01 0.000000e+00 -2.835728e-01 -2.114491e-01 0.000000e+00
7.400695e-01 0.000000e+00 -2.835728e-01 -2.114491e-01 0.000000e+00
7.475069e-01 0.000000e+00 -2.835728e-01 -2.114491e-01 0.000000e+00
7.550190e-01 0.000000e+00 -2.835728e-01 -2.114491e-01 0.000000e+00
7.626066e-01 0.000000e+00 -2.835728e-01 -2.114491e-01 0.000000e+00
7.702705e-01 0.000000e+00 -2.835728e-01 -2.114491e-01 0.000000e+00
7.780114e-01 0.000000e+00 -2.835728e-01 -2.114491e-01 0.000000e+00
7.858302e-01 0.000000e+00 -2.835728e-01 -2.114491e-01 0.000000e+00
7.937275e-01 0.000000e+00 -2.835728e-01 -2.114491e-01 0.000000e+00
8.017041e-01 0.000000e+00 -2.835728e-01 -2.114491e-01 0.000000e+00
8.097610e-01 0.000000e+00 -2.835728e-01 -2.114491e-01 0.000000e+00
8.178988e-01 0.000000e+00 -2.835728e-01 -2.114491e-01 0.000000e+00
8.261184e-01 0.000000e+00 -2.835728e-01 -2.114491e-01 0.000000e+00
8.344206e-01 0.000000e+00 -2.835728e-01 -2.114491e-01 0.000000e+00
8.428063e-01 0.000000e+00 -2.835728e-01 -2.114491e-01 0.000000e+00
8.512762e-01 0.000000e+00 -2.835728e-01 -2.114491e-01 0.000000e+00
8.598313e-01 0.000000e+00 -2.835728e-01 -2.114491e-01 0.000000e+00
8.684724e-01 0.000000e+00 -2.835728e-01 -2.114491e-01 0.000000e+00
8.772003e-01 0.000000e+00 -2.835728e-01 -2.114491e-01 0.000000e+00
8.860159e-01 0.000000e+00 -2.835728e-01 -2.114491e-01 0.000000e+00
8.949202e-01 0.000000e+00 -2.835728e-01 -2.114491e-01 0.000000e+00
9.039139e-01 0.000000e+00 -2.835728e-01 -2.114491e-01 0.000000e+00
9.129980e-01 0.000000e+00 -2.835728e-01 -2.114491e-01 0.000000e+00
9.221734e-01 0.000000e+00 -2.835728e-01 -2.114491e-01 0.000000e+00
9.314410e-01 0.000000e+00 -2.835728e-01 -2.114491e-01 0.000000e+00
9.408018e-01 0.000000e+00 -2.835728e-01 -2.114491e-01 0.000000e+00
9.502567e-01 0.000000e+00 -2.835728e-01 -2.114491e-01 0.000000e+00
9.598066e-01 0.000000e+00 -2.835728e-01 -2.114491e-01 0.000000e+00
9.694524e-01 0.000000e+00 -2.835728e-01 -2.114491e-01 0.000000e+00
9.791953e-01 0.000000e+00 -2.835728e-01 -2.114491e-01 0.000000e+00
9.890360e-01 0.000000e+00 -2.835728e-01 -2.114491e-01 0.000000e+00
9.989756e-01 0.000000e+00 -2.835728e-01 -2.114491e-01 0.000000e+00
1.009015e+00 0.000000e+00 -2.804299e-01 1.387532e-01 0.000000e+00
1.019156e+00 0.000000e+00 -2.769028e-01 1.380316e-01 0.000000e+00
1.029398e+00 0.000000e+00 -2.733661e-01 1.372447e-01 0.000000e+00
1.039743e+00 0.000000e+00 -2.698231e-01 1.363972e-01 0.000000e+00
1.050193e+00 0.000000e+00 -2.662769e-01 1.354931e-01 0.000000e+00
1.060747e+00 0.000000e+00 -2.627305e-01 1.345364e-01 0.000000e+00
1.071407e+00 0.000000e+00 -2.591867e-01 1.335310e-01 0.000000e+00
1.082175e+00 0.000000e+00 -2.556480e-01 1.324804e-01 0.000000e+00
1.093050e+00 0.000000e+00 -2.521168e-01 1.313882e-01 0.000000e+00
1.104035e+00 0.000000e+00 -2.485956e-01 1.302576e-01 0.000000e+00
1.115131e+00 0.000000e+00 -2.450864e-01 1.290917e-01 0.000000e+00
1.126338e+00 0.000000e+00 -2.415912e-01 1.278934e-01 0.000000e+00
1.137657e+00 0.000000e+00 -2.381120e-01 1.266656e-01 0.000000e+00
1.149091e+00 0.000000e+00 -2.346506e-01 1.254110e-01 0.000000e+00
1.160639e+00 0.000000e+00 -2.312085e-01 1.241321e-01 0.000000e+00
1.172303e+00 0.000000e+00 -2.277874e-01 1.228312e-01 0.000000e+00
1.184085e+00 0.000000e+00 -2.243887e-01 1.215108e-01 0.000000e+00
1.195985e+00 0.000000e+00 -2.210136e-01 1.201729e-01 0.000000e+00
1.208005e+00 0.000000e+00 -2.176635e-01 1.188196e-01 0.000000e+00
1.220145e+00 0.000000e+00 -2.143395e-01 1.174528e-01 0.000000e+00
1.232407e+00 0.000000e+00 -2.110427e-01 1.160745e-01 0.000000e+00
1.244793e+00 0.000000e+00 -2.077740e-01 1.146863e-01 0.000000e+00
1.257303e+00 0.000000e+00 -2.045343e-01 1.132899e-01 0.000000e+00
1.269939e+00 0.000000e+00 -2.013245e-01 1.118869e-01 0.000000e+00
1.282702e+00 0.000000e+00 -1.981453e-01 1.104786e-01 0.000000e+00
1.295593e+00 0.000000e+00 -1.949974e-01 1.090667e-01 0.000000e+00
1.308613e+00 0.000000e+00 -1.918814e-01 1.076522e-01 0.000000e+00
1.321765e+00 0.000000e+00 -1.887979e-01 1.062366e-01 0.000000e+00
1.335049e+00 0.000000e+00 -1.857473e-01 1.048209e-01 0.000000e+00
1.348466e+00 0.000000e+00 -1.827302e-01 1.034063e-01 0.000000e+00
1.362018e+00 0.000000e+00 -1.797470e-01 1.019937e-01 0.000000e+00
1.375706e+00 0.000000e+00 -1.767979e-01 1.005843e-01 0.000000e+00
1.389532e+00 0.000000e+00 -1.738832e-01 9.917877e-02 0.000000e+00
1.403497e+00 0.000000e+00 -1.710033e-01 9.777813e-02 0.000000e+00
1.417602e+00 0.000000e+00 -1.681584e-01 9.638314e-02 0.000000e+00
1.431849e+00 0.000000e+00 -1.653485e-01 9.499455e-02 0.000000e+00
1.446239e+00 0.000000e+00 -1.625739e-01 9.361307e-02 0.000000e+00
1.460774e+00 0.000000e+00 -1.598347e-01 9.223936e-02 0.000000e+00
1.475454e+00 0.000000e+00 -1.571309e-01 9.087403e-02 0.000000e+00
1.490283e+00 0.000000e+00 -1.544625e-01 8.951765e-02 0.000000e+00
1.505260e+00 0.000000e+00 -1.518296e-01 8.817076e-02 0.000000e+00
1.520388e+00 0.000000e+00 -1.492322e-01 8.683385e-02 0.000000e+00
1.535668e+00 0.000000e+00 -1.466701e-01 8.550738e-02 0.000000e+00
1.551102e+00 0.000000e+00 -1.441434e-01 8.419176e-02 0.000000e+00
1.566690e+00 0.000000e+00 -1.416519e-01 8.288739e-02 0.000000e+00
1.582435e+00 0.000000e+00 -1.391955e-01 8.159462e-02 0.000000e+00
1.598339e+00 0.000000e+00 -1.367741e-01 8.031379e-02 0.000000e+00
1.614402e+00 0.000000e+00 -1.343875e-01 7.904519e-02 0.000000e+00
1.630627e+00 0.000000e+00 -1.320355e-01 7.778909e-02 0.000000e+00
1.647015e+00 0.000000e+00 -1.297180e-01 7.654575e-02 0.000000e+00
1.663568e+00 0.000000e+00 -1.274348e-01 7.531538e-02 0.000000e+00
1.680287e+00 0.000000e+00 -1.251855e-01 7.409818e-02 0.000000e+00
1.697173e+00 0.000000e+00 -1.229701e-01 7.289434e-02 0.000000e+00
1.714230e+00 0.000000e+00 -1.207882e-01 7.170401e-02 0.000000e+00
1.731458e+00 0.000000e+00 -1.186396e-01 7.052732e-02 0.000000e+00
1.748860e+00 0.000000e+00 -1.165240e-01 6.936440e-02 0.000000e+00
1.766436e+00 0.000000e+00 -1.144411e-01 6.821535e-02 0.000000e+00
1.784188e+00 0.000000e+00 -1.123906e-01 6.708025e-02 0.000000e+00
1.802120e+00 0.000000e+00 -1.103723e-01 6.595917e-02 0.000000e+00
1.820231e+00 0.000000e+00 -1.083859e-01 6.485216e-02 0.000000e+00
1.838524e+00 0.000000e+00 -1.064310e-01 6.375927e-02 0.000000e+00
1.857002e+00 0.000000e+00 -1.045073e-01 6.268052e-02 0.000000e+00
1.875665e+00 0.000000e+00 -1.026144e-01 6.161592e-02 0.000000e+00
1.894515e+00 0.000000e+00 -1.007522e-01 6.056548e-02 0.000000e+00
1.913555e+00 0.000000e+00 -9.892013e-02 5.952919e-02 0.000000e+00
1.932787e+00 0.000000e+00 -9.711797e-02 5.850703e-02 0.000000e+00
1.952211e+00 0.000000e+00 -9.534536e-02 5.749897e-02 0.000000e+00
1.971831e+00 0.000000e+00 -9.360194e-02 5.650497e-02 0.000000e+00
1.991648e+00 0.000000e+00 -9.188739e-02 5.552498e-02 0.000000e+00
2.011665e+00 0.000000e+00 -9.020133e-02 5.455896e-02 0.000000e+00
2.031882e+00 0.000000e+00 -8.854343e-02 5.360683e-02 0.000000e+00
2.052303e+00 0.000000e+00 -8.691333e-02 5.266852e-02 0.000000e+00
2.072928e+00 0.000000e+00 -8.531068e-02 5.174397e-02 0.000000e+00
2.093762e+00 0.000000e+00 -8.373513e-02 5.083308e-02 0.000000e+00
2.114804e+00 0.000000e+00 -8.218631e-02 4.993577e-02 0.000000e+00
2.136058e+00 0.000000e+00 -8.066388e-02 4.905195e-02 0.000000e+00
2.157526e+00 0.000000e+00 -7.916748e-02 4.818150e-02 0.000000e+00
2.179209e+00 0.000000e+00 -7.769675e-02 4.732435e-02 0.000000e+00
2.201110e+00 0.000000e+00 -7.625135e-02 4.648036e-02 0.000000e+00
2.223232e+00 0.000000e+00 -7.483092e-02 4.564943e-02 0.000000e+00
2.245575e+00 0.000000e+00 -7.343511e-02 4.483146e-02 0.000000e+00
2.268143e+00 0.000000e+00 -7.206357e-02 4.402631e-02 0.000000e+00
2.290939e+00 0.000000e+00 -7.071594e-02 4.323386e-02 0.000000e+00
2.313963e+00 0.000000e+00 -6.939189e-02 4.245399e-02 0.000000e+00
2.337218e+00 0.000000e+00 -6.809107e-02 4.168658e-02 0.000000e+00
2.360708e+00 0.000000e+00 -6.681314e-02 4.093150e-02 0.000000e+00
2.384433e+00 0.000000e+00 -6.555776e-02 4.018860e-02 0.000000e+00
2.408397e+00 0.000000e+00 -6.432458e-02 3.945777e-02 0.000000e+00
2.432601e+00 0.000000e+00 -6.311327e-02 3.873886e-02 0.000000e+00
2.457049e+00 0.000000e+00 -6.192350e-02 3.803173e-02 0.000000e+00
2.481743e+00 0.000000e+00 -6.075494e-02 3.733626e-02 0.000000e+00
2.506685e+00 0.000000e+00 -5.960726e-02 3.665230e-02 0.000000e+00
2.531877e+00 0.000000e+00 -5.848013e-02 3.597972e-02 0.000000e+00
2.557323e+00 0.000000e+00 -5.737324e-02 3.531837e-02 0.000000e+00
2.583024e+00 0.000000e+00 -5.628626e-02 3.466811e-02 0.000000e+00
2.608984e+00 0.000000e+00 -5.521888e-02 3.402880e-02 0.000000e+00
2.635205e+00 0.000000e+00 -5.417079e-02 3.340030e-02 0.000000e+00
2.661689e+00 0.000000e+00 -5.314168e-02 3.278247e-02 0.000000e+00
2.688439e+00 0.000000e+00 -5.213123e-02 3.217516e-02 0.000000e+00
2.715458e+00 0.000000e+00 -5.113915e-02 3.157824e-02 0.000000e+00
2.742749e+00 0.000000e+00 -5.016515e-02 3.099157e-02 0.000000e+00
2.770314e+00 0.000000e+00 -4.920891e-02 3.041499e-02 0.000000e+00
2.798156e+00 0.000000e+00 -4.827015e-02 2.984838e-02 0.000000e+00
2.826278e+00 0.000000e+00 -4.734859e-02 2.929159e-02 0.000000e+00
2.854682e+00 0.000000e+00 -4.644393e-02 2.874449e-02 0.000000e+00
2.883372e+00 0.000000e+00 -4.555589e-02 2.820692e-02 0.000000e+00
2.912350e+00 0.000000e+00 -4.468420e-02 2.767877e-02 0.000000e+00
2.941620e+00 0.000000e+00 -4.382858e-02 2.715987e-02 0.000000e+00
2.971183e+00 0.000000e+00 -4.298876e-02 2.665011e-02 0.000000e+00
3.001044e+00 0.000000e+00 -4.216446e-02 2.614935e-02 0.000000e+00
3.031205e+00 0.000000e+00 -4.135543e-02 2.565744e-02 0.000000e+00
3.061669e+00 0.000000e+00 -4.056141e-02 2.517426e-02 0.000000e+00
3.092439e+00 0.000000e+00 -3.978213e-02 2.469967e-02 0.000000e+00
3.123519e+00 0.000000e+00 -3.901735e-02 2.423354e-02 0.000000e+00
3.154910e+00 0.000000e+00 -3.826681e-02 2.377574e-02 0.000000e+00
3.186618e+00 0.000000e+00 -3.753027e-02 2.332614e-02 0.000000e+00
3.218644e+00 0.000000e+00 -3.680748e-02 2.288462e-02 0.000000e+00
3.250991e+00 0.000000e+00 -3.609821e-02 2.245103e-02 0.000000e+00
3.283664e+00 0.000000e+00 -3.540221e-02 2.202527e-02 0.000000e+00
3.316666e+00 0.000000e+00 -3.471926e-02 2.160720e-02 0.000000e+00
3.349998e+00 0.000000e+00 -3.404912e-02 2.119670e-02 0.000000e+00
3.383666e+00 0.000000e+00 -3.339158e-02 2.079365e-02 0.000000e+00
3.417673e+00 0.000000e+00 -3.274640e-02 2.039792e-02 0.000000e+00
3.452021e+00 0.000000e+00 -3.211336e-02 2.000941e-02 0.000000e+00
3.486714e+00 0.000000e+00 -3.149226e-02 1.962798e-02 0.000000e+00
3.521756e+00 0.000000e+00 -3.088288e-02 1.925352e-02 0.000000e+00
3.557150e+00 0.000000e+00 -3.028500e-02 1.888593e-02 0.000000e+00
3.592900e+00 0.000000e+00 -2.969843e-02 1.852507e-02 0.000000e+00
3.629009e+00 0.000000e+00 -2.912297e-02 1.817085e-02 0.000000e+00
3.665481e+00 0.000000e+00 -2.855840e-02 1.782315e-02 0.000000e+00
3.702320e+00 0.000000e+00 -2.800453e-02 1.748186e-02 0.000000e+00
3.739529e+00 0.000000e+00 -2.746118e-02 1.714687e-02 0.000000e+00
3.777112e+00 0.000000e+00 -2.692815e-02 1.681808e-02 0.000000e+00
3.815072e+00 0.000000e+00 -2.640525e-02 1.649537e-02 0.000000e+00
3.853414e+00 0.000000e+00 -2.589230e-02 1.617865e-02 0.000000e+00
3.892141e+00 0.000000e+00 -2.538912e-02 1.586782e-02 0.000000e+00
3.931258e+00 0.000000e+00 -2.489553e-02 1.556276e-02 0.000000e+00
3.970768e+00 0.000000e+00 -2.441136e-02 1.526339e-02 0.000000e+00
4.010675e+00 0.000000e+00 -2.393643e-02 1.496960e-02 0.000000e+00
4.050982e+00 0.000000e+00 -2.347057e-02 1.468130e-02 0.000000e+00
4.091695e+00 0.000000e+00 -2.301362e-02 1.439838e-02 0.000000e+00
4.132818e+00 0.000000e+00 -2.256541e-02 1.412077e-02 0.000000e+00
4.174353e+00 0.000000e+00 -2.212578e-02 1.384835e-02 0.000000e+00
4.216306e+00 0.000000e+00 -2.169457e-02 1.358105e-02 0.000000e+00
4.258680e+00 0.000000e+00 -2.127164e-02 1.331877e-02 0.000000e+00
4.301481e+00 0.000000e+00 -2.085681e-02 1.306143e-02 0.000000e+00
4.344711e+00 0.000000e+00 -2.044995e-02 1.280893e-02 0.000000e+00
4.388376e+00 0.000000e+00 -2.005091e-02 1.256118e-02 0.000000e+00
4.432480e+00 0.000000e+00 -1.965953e-02 1.231812e-02 0.000000e+00
4.477027e+00 0.000000e+00 -1.927569e-02 1.207964e-02 0.000000e+00
4.522022e+00 0.000000e+00 -1.889923e-02 1.184567e-02 0.000000e+00
4.567469e+00 0.000000e+00 -1.853002e-02 1.161614e-02 0.000000e+00
4.613373e+00 0.000000e+00 -1.816793e-02 1.139094e-02 0.000000e+00
4.659738e+00 0.000000e+00 -1.781281e-02 1.117002e-02 0.000000e+00
4.706569e+00 0.000000e+00 -1.746455e-02 1.095330e-02 0.000000e+00
4.753871e+00 0.000000e+00 -1.712301e-02 1.074068e-02 0.000000e+00
4.801648e+00 0.000000e+00 -1.678806e-02 1.053212e-02 0.000000e+00
4.849905e+00 0.000000e+00 -1.645958e-02 1.032752e-02 0.000000e+00
4.898647e+00 0.000000e+00 -1.613746e-02 1.012681e-02 0.000000e+00
4.947879e+00 0.000000e+00 -1.582156e-02 9.929934e-03 0.000000e+00
4.997606e+00 0.000000e+00 -1.551177e-02 9.736811e-03 0.000000e+00
5.047833e+00 0.000000e+00 -1.520799e-02 9.547375e-03 0.000000e+00
5.098565e+00 0.000000e+00 -1.491008e-02 9.361558e-03 0.000000e+00
5.149806e+00 0.000000e+00 -1.461795e-02 9.179294e-03 0.000000e+00
5.201562e+00 0.000000e+00 -1.433148e-02 9.000517e-03 0.000000e+00
5.253839e+00 0.000000e+00 -1.405056e-02 8.825163e-03 0.000000e+00
5.306641e+00 0.000000e+00 -1.377510e-02 8.653168e-03 0.000000e+00
5.359973e+00 0.000000e+00 -1.350498e-02 8.484472e-03 0.000000e+00
5.413842e+00 0.000000e+00 -1.324011e-02 8.319012e-03 0.000000e+00
5.468252e+00 0.000000e+00 -1.298038e-02 8.156728e-03 0.000000e+00
5.523209e+00 0.000000e+00 -1.272570e-02 7.997562e-03 0.000000e+00
5.578718e+00 0.000000e+00 -1.247597e-02 7.841456e-03 0.000000e+00
5.634785e+00 0.000000e+00 -1.223110e-02 7.688353e-03 0.000000e+00
5.691415e+00 0.000000e+00 -1.199099e-02 7.538196e-03 0.000000e+00
5.748615e+00 0.000000e+00 -1.175555e-02 7.390930e-03 0.000000e+00
5.806389e+00 0.000000e+00 -1.152470e-02 7.246503e-03 0.000000e+00
5.864744e+00 0.000000e+00 -1.129834e-02 7.104860e-03 0.000000e+00
5.923686e+00 0.000000e+00 -1.107639e-02 6.965949e-03 0.000000e+00
5.983220e+00 0.000000e+00 -1.085877e-02 6.829719e-03 0.000000e+00
6.043352e+00 0.000000e+00 -1.064539e-02 6.696120e-03 0.000000e+00
6.104089e+00 0.000000e+00 -1.043617e-02 6.565102e-03 0.000000e+00
6.165436e+00 0.000000e+00 -1.023104e-02 6.436616e-03 0.000000e+00
6.227400e+00 0.000000e+00 -1.002990e-02 6.310616e-03 0.000000e+00
6.289986e+00 0.000000e+00 -9.832692e-03 6.187053e-03 0.000000e+00
6.353201e+00 0.000000e+00 -9.639332e-03 6.065883e-03 0.000000e+00
6.417052e+00 0.000000e+00 -9.449750e-03 5.947059e-03 0.000000e+00
6.481544e+00 0.000000e+00 -9.263870e-03 5.830537e-03 0.000000e+00
6.546685e+00 0.000000e+00 -9.081623e-03 5.716275e-03 0.000000e+00
6.612480e+00 0.000000e+00 -8.902938e-03 5.604228e-03 0.000000e+00
6.678937e+00 0.000000e+00 -8.727746e-03 5.494355e-03 0.000000e+00
6.746061e+00 0.000000e+00 -8.555980e-03 5.386614e-03 0.000000e+00
6.813860e+00 0.000000e+00 -8.387574e-03 5.280966e-03 0.000000e+00
6.882340e+00 0.000000e+00 -8.222463e-03 5.177370e-03 0.000000e+00
6.951509e+00 0.000000e+00 -8.060583e-03 5.075787e-03 0.000000e+00
7.021373e+00 0.000000e+00 -7.901872e-03 4.976179e-03 0.000000e+00
7.091939e+00 0.000000e+00 -7.746268e-03 4.878508e-03 0.000000e+00
7.163214e+00 0.000000e+00 -7.593712e-03 4.782737e-03 0.000000e+00
7.235205e+00 0.000000e+00 -7.444143e-03 4.688829e-03 0.000000e+00
7.307920e+00 0.000000e+00 -7.297506e-03 4.596751e-03 0.000000e+00
